"X","Y","color"
"0.3272265730322436","0.8405383327721663","[0.0, 1.0, 0.0, 0.0, 0.0, 0.0, 0.0, 0.0]","[1.0, 0.0, 0.0, 0.0, 0.0, 0.0, 0.0, 0.0]"
"0.260364044686002","0.3126486179228502","[0.0, 1.0, 0.0, 0.0, 0.0, 0.0, 0.0, 0.0]","[0.0, 0.0, 0.0, 0.0, 0.0, 0.0, 0.0, 1.0]"
"0.3969489646314718","0.7349328314139999","[0.0, 1.0, 0.0, 0.0, 0.0, 0.0, 0.0, 0.0]","[0.0, 0.0, 0.0, 0.0, 1.0, 0.0, 0.0, 0.0]"
"0.1537712202821502","0.4603073383007442","[0.0, 1.0, 0.0, 0.0, 0.0, 0.0, 0.0, 0.0]","[0.0, 0.0, 0.0, 0.0, 0.0, 1.0, 0.0, 0.0]"
"0.7450395758516631","0.5276246221161637","[0.0, 1.0, 0.0, 0.0, 0.0, 0.0, 0.0, 0.0]","[0.0, 0.0, 1.0, 0.0, 0.0, 0.0, 0.0, 0.0]"
"0.16681247194902266","0.8577979064787157","[0.0, 1.0, 0.0, 0.0, 0.0, 0.0, 0.0, 0.0]","[1.0, 0.0, 0.0, 0.0, 0.0, 0.0, 0.0, 0.0]"
"0.5171464479799105","0.4335346359304961","[0.0, 1.0, 0.0, 0.0, 0.0, 0.0, 0.0, 0.0]","[0.0, 1.0, 0.0, 0.0, 0.0, 0.0, 0.0, 0.0]"
"0.30486538037696675","0.3266737271384811","[0.0, 1.0, 0.0, 0.0, 0.0, 0.0, 0.0, 0.0]","[0.0, 0.0, 0.0, 0.0, 0.0, 1.0, 0.0, 0.0]"
"0.5156335121298948","0.6131832487829788","[0.0, 1.0, 0.0, 0.0, 0.0, 0.0, 0.0, 0.0]","[0.0, 0.0, 0.0, 0.0, 0.0, 0.0, 1.0, 0.0]"
"0.929340889317476","0.5870119106432408","[0.0, 1.0, 0.0, 0.0, 0.0, 0.0, 0.0, 0.0]","[0.0, 0.0, 1.0, 0.0, 0.0, 0.0, 0.0, 0.0]"
"0.1217081766349432","0.3643353192996868","[0.0, 1.0, 0.0, 0.0, 0.0, 0.0, 0.0, 0.0]","[0.0, 0.0, 0.0, 0.0, 0.0, 1.0, 0.0, 0.0]"
"0.43325594349064755","0.6494812630888266","[0.0, 1.0, 0.0, 0.0, 0.0, 0.0, 0.0, 0.0]","[0.0, 0.0, 0.0, 0.0, 0.0, 0.0, 1.0, 0.0]"
"0.2824327443195122","0.2508327125914949","[0.0, 1.0, 0.0, 0.0, 0.0, 0.0, 0.0, 0.0]","[0.0, 0.0, 0.0, 0.0, 0.0, 0.0, 0.0, 1.0]"
"0.18034528480024778","0.23146927890579935","[0.0, 1.0, 0.0, 0.0, 0.0, 0.0, 0.0, 0.0]","[0.0, 0.0, 0.0, 1.0, 0.0, 0.0, 0.0, 0.0]"
"0.5050474701514185","0.743207266902208","[0.0, 1.0, 0.0, 0.0, 0.0, 0.0, 0.0, 0.0]","[0.0, 0.0, 0.0, 0.0, 1.0, 0.0, 0.0, 0.0]"
"0.16474084697721575","0.4510393617499597","[0.0, 1.0, 0.0, 0.0, 0.0, 0.0, 0.0, 0.0]","[0.0, 0.0, 0.0, 0.0, 0.0, 1.0, 0.0, 0.0]"
"0.3039194682470391","0.7376094284332865","[0.0, 1.0, 0.0, 0.0, 0.0, 0.0, 0.0, 0.0]","[1.0, 0.0, 0.0, 0.0, 0.0, 0.0, 0.0, 0.0]"
"0.23318765608029507","0.4015391911179951","[0.0, 1.0, 0.0, 0.0, 0.0, 0.0, 0.0, 0.0]","[0.0, 0.0, 0.0, 0.0, 0.0, 1.0, 0.0, 0.0]"
"0.5525511748824365","0.9336777869000177","[0.0, 1.0, 0.0, 0.0, 0.0, 0.0, 0.0, 0.0]","[0.0, 0.0, 0.0, 0.0, 1.0, 0.0, 0.0, 0.0]"
"0.42239630375034054","0.8079426875199005","[0.0, 1.0, 0.0, 0.0, 0.0, 0.0, 0.0, 0.0]","[1.0, 0.0, 0.0, 0.0, 0.0, 0.0, 0.0, 0.0]"
"0.9049236406604776","0.6236862256575704","[0.0, 1.0, 0.0, 0.0, 0.0, 0.0, 0.0, 0.0]","[0.0, 0.0, 1.0, 0.0, 0.0, 0.0, 0.0, 0.0]"
"0.15720246571835794","0.18424580592075063","[0.0, 1.0, 0.0, 0.0, 0.0, 0.0, 0.0, 0.0]","[0.0, 0.0, 0.0, 1.0, 0.0, 0.0, 0.0, 0.0]"
"0.3691989978048814","0.6623875987485781","[0.0, 1.0, 0.0, 0.0, 0.0, 0.0, 0.0, 0.0]","[0.0, 0.0, 0.0, 0.0, 1.0, 0.0, 0.0, 0.0]"
"0.5224815433071126","0.7022930063969766","[0.0, 1.0, 0.0, 0.0, 0.0, 0.0, 0.0, 0.0]","[0.0, 0.0, 0.0, 0.0, 0.0, 0.0, 1.0, 0.0]"
"0.44268620679872733","0.8547084007499168","[0.0, 1.0, 0.0, 0.0, 0.0, 0.0, 0.0, 0.0]","[0.0, 0.0, 0.0, 0.0, 1.0, 0.0, 0.0, 0.0]"
"0.27799433779109006","0.41095086366003647","[0.0, 1.0, 0.0, 0.0, 0.0, 0.0, 0.0, 0.0]","[0.0, 0.0, 0.0, 0.0, 0.0, 0.0, 0.0, 1.0]"
"0.7775419349070303","0.576076652667858","[0.0, 1.0, 0.0, 0.0, 0.0, 0.0, 0.0, 0.0]","[0.0, 0.0, 1.0, 0.0, 0.0, 0.0, 0.0, 0.0]"
"0.26932015347839877","0.6610991293444969","[0.0, 1.0, 0.0, 0.0, 0.0, 0.0, 0.0, 0.0]","[1.0, 0.0, 0.0, 0.0, 0.0, 0.0, 0.0, 0.0]"
"0.4106387406553963","0.7139135281512684","[0.0, 1.0, 0.0, 0.0, 0.0, 0.0, 0.0, 0.0]","[0.0, 0.0, 0.0, 0.0, 1.0, 0.0, 0.0, 0.0]"
"0.4380020996299755","0.7852749432052022","[0.0, 1.0, 0.0, 0.0, 0.0, 0.0, 0.0, 0.0]","[0.0, 0.0, 0.0, 0.0, 1.0, 0.0, 0.0, 0.0]"
"0.09596405009113151","0.2154410569760182","[0.0, 1.0, 0.0, 0.0, 0.0, 0.0, 0.0, 0.0]","[0.0, 0.0, 0.0, 1.0, 0.0, 0.0, 0.0, 0.0]"
"0.18561654958020046","0.28028584003494567","[0.0, 1.0, 0.0, 0.0, 0.0, 0.0, 0.0, 0.0]","[0.0, 0.0, 0.0, 1.0, 0.0, 0.0, 0.0, 0.0]"
"0.19107076723287958","0.1594627084378592","[0.0, 1.0, 0.0, 0.0, 0.0, 0.0, 0.0, 0.0]","[0.0, 0.0, 0.0, 1.0, 0.0, 0.0, 0.0, 0.0]"
"0.15889032198072342","0.4132336161816045","[0.0, 1.0, 0.0, 0.0, 0.0, 0.0, 0.0, 0.0]","[0.0, 0.0, 0.0, 0.0, 0.0, 1.0, 0.0, 0.0]"
"0.18069685289575016","0.32817074572793253","[0.0, 1.0, 0.0, 0.0, 0.0, 0.0, 0.0, 0.0]","[0.0, 0.0, 0.0, 1.0, 0.0, 0.0, 0.0, 0.0]"
"0.4028686152058958","0.7408633575271859","[0.0, 1.0, 0.0, 0.0, 0.0, 0.0, 0.0, 0.0]","[0.0, 0.0, 0.0, 0.0, 0.0, 0.0, 1.0, 0.0]"
"0.18359627658067182","0.40539963407956897","[0.0, 1.0, 0.0, 0.0, 0.0, 0.0, 0.0, 0.0]","[0.0, 0.0, 0.0, 0.0, 0.0, 0.0, 0.0, 1.0]"
"0.1783087023087961","0.3161140690885465","[0.0, 1.0, 0.0, 0.0, 0.0, 0.0, 0.0, 0.0]","[0.0, 0.0, 0.0, 1.0, 0.0, 0.0, 0.0, 0.0]"
"0.34809897114981986","0.834350926738286","[0.0, 1.0, 0.0, 0.0, 0.0, 0.0, 0.0, 0.0]","[1.0, 0.0, 0.0, 0.0, 0.0, 0.0, 0.0, 0.0]"
"0.7112524915829374","0.6321991918818342","[0.0, 1.0, 0.0, 0.0, 0.0, 0.0, 0.0, 0.0]","[0.0, 0.0, 1.0, 0.0, 0.0, 0.0, 0.0, 0.0]"
"0.27791137996074733","0.3483589595989305","[0.0, 1.0, 0.0, 0.0, 0.0, 0.0, 0.0, 0.0]","[0.0, 0.0, 0.0, 0.0, 0.0, 0.0, 0.0, 1.0]"
"0.25053836804882473","0.23961660083773612","[0.0, 1.0, 0.0, 0.0, 0.0, 0.0, 0.0, 0.0]","[0.0, 0.0, 0.0, 0.0, 0.0, 0.0, 0.0, 1.0]"
"1.0","0.7275832686297175","[0.0, 1.0, 0.0, 0.0, 0.0, 0.0, 0.0, 0.0]","[0.0, 0.0, 1.0, 0.0, 0.0, 0.0, 0.0, 0.0]"
"0.10557586424151146","0.40567459414551066","[0.0, 1.0, 0.0, 0.0, 0.0, 0.0, 0.0, 0.0]","[0.0, 0.0, 0.0, 0.0, 0.0, 1.0, 0.0, 0.0]"
"0.543514777245714","0.7566101623055304","[0.0, 1.0, 0.0, 0.0, 0.0, 0.0, 0.0, 0.0]","[0.0, 0.0, 0.0, 0.0, 1.0, 0.0, 0.0, 0.0]"
"0.3465914275044032","0.3462962008507627","[0.0, 1.0, 0.0, 0.0, 0.0, 0.0, 0.0, 0.0]","[0.0, 0.0, 0.0, 0.0, 0.0, 0.0, 0.0, 1.0]"
"0.4363775236975979","0.7271045930594839","[0.0, 1.0, 0.0, 0.0, 0.0, 0.0, 0.0, 0.0]","[1.0, 0.0, 0.0, 0.0, 0.0, 0.0, 0.0, 0.0]"
"0.13954257015974375","0.29110568931308306","[0.0, 1.0, 0.0, 0.0, 0.0, 0.0, 0.0, 0.0]","[0.0, 0.0, 0.0, 0.0, 0.0, 0.0, 0.0, 1.0]"
"0.3992352231255776","0.25015507293565853","[0.0, 1.0, 0.0, 0.0, 0.0, 0.0, 0.0, 0.0]","[0.0, 0.0, 0.0, 0.0, 0.0, 0.0, 0.0, 1.0]"
"0.14895081137517063","0.3109546469075079","[0.0, 1.0, 0.0, 0.0, 0.0, 0.0, 0.0, 0.0]","[0.0, 0.0, 0.0, 0.0, 0.0, 1.0, 0.0, 0.0]"
"0.15056946303904037","0.5496249391261093","[0.0, 1.0, 0.0, 0.0, 0.0, 0.0, 0.0, 0.0]","[0.0, 0.0, 0.0, 0.0, 0.0, 1.0, 0.0, 0.0]"
"0.43111892005065855","0.7639786071097435","[0.0, 1.0, 0.0, 0.0, 0.0, 0.0, 0.0, 0.0]","[1.0, 0.0, 0.0, 0.0, 0.0, 0.0, 0.0, 0.0]"
"0.4560987233922708","0.7603736719874354","[0.0, 1.0, 0.0, 0.0, 0.0, 0.0, 0.0, 0.0]","[0.0, 0.0, 0.0, 0.0, 0.0, 0.0, 1.0, 0.0]"
"0.41255955051331544","0.8464545470353814","[0.0, 1.0, 0.0, 0.0, 0.0, 0.0, 0.0, 0.0]","[1.0, 0.0, 0.0, 0.0, 0.0, 0.0, 0.0, 0.0]"
"0.8146187756086039","0.5334805816829968","[0.0, 1.0, 0.0, 0.0, 0.0, 0.0, 0.0, 0.0]","[0.0, 0.0, 1.0, 0.0, 0.0, 0.0, 0.0, 0.0]"
"0.7042589245477435","0.6579308795374894","[0.0, 1.0, 0.0, 0.0, 0.0, 0.0, 0.0, 0.0]","[0.0, 0.0, 1.0, 0.0, 0.0, 0.0, 0.0, 0.0]"
"0.5001803821168449","0.4780514369115015","[0.0, 1.0, 0.0, 0.0, 0.0, 0.0, 0.0, 0.0]","[0.0, 0.0, 0.0, 0.0, 0.0, 0.0, 1.0, 0.0]"
"0.5733864614483567","0.38673508166850185","[0.0, 1.0, 0.0, 0.0, 0.0, 0.0, 0.0, 0.0]","[0.0, 1.0, 0.0, 0.0, 0.0, 0.0, 0.0, 0.0]"
"0.2061385486751191","0.2699067856564504","[0.0, 1.0, 0.0, 0.0, 0.0, 0.0, 0.0, 0.0]","[0.0, 0.0, 0.0, 0.0, 0.0, 1.0, 0.0, 0.0]"
"0.3270026299917897","0.31329255544747914","[0.0, 1.0, 0.0, 0.0, 0.0, 0.0, 0.0, 0.0]","[0.0, 0.0, 0.0, 1.0, 0.0, 0.0, 0.0, 0.0]"
"0.2791882935189937","0.3439991328257529","[0.0, 1.0, 0.0, 0.0, 0.0, 0.0, 0.0, 0.0]","[0.0, 0.0, 0.0, 0.0, 0.0, 0.0, 0.0, 1.0]"
"0.4973652536300035","0.8802511748926906","[0.0, 1.0, 0.0, 0.0, 0.0, 0.0, 0.0, 0.0]","[0.0, 0.0, 0.0, 0.0, 1.0, 0.0, 0.0, 0.0]"
"0.5833494781083076","0.7782619616389773","[0.0, 1.0, 0.0, 0.0, 0.0, 0.0, 0.0, 0.0]","[0.0, 0.0, 0.0, 0.0, 1.0, 0.0, 0.0, 0.0]"
"0.3189943804301589","0.2634904022714497","[0.0, 1.0, 0.0, 0.0, 0.0, 0.0, 0.0, 0.0]","[0.0, 0.0, 0.0, 0.0, 0.0, 0.0, 0.0, 1.0]"
"0.03222969647952885","0.3682671070304774","[0.0, 1.0, 0.0, 0.0, 0.0, 0.0, 0.0, 0.0]","[0.0, 0.0, 0.0, 0.0, 0.0, 1.0, 0.0, 0.0]"
"0.10147630254941813","0.3298355585419388","[0.0, 1.0, 0.0, 0.0, 0.0, 0.0, 0.0, 0.0]","[0.0, 0.0, 0.0, 0.0, 0.0, 1.0, 0.0, 0.0]"
"0.3929012038702085","0.7392411484544202","[0.0, 1.0, 0.0, 0.0, 0.0, 0.0, 0.0, 0.0]","[0.0, 0.0, 0.0, 0.0, 1.0, 0.0, 0.0, 0.0]"
"0.178555079352891","0.22488791700520766","[0.0, 1.0, 0.0, 0.0, 0.0, 0.0, 0.0, 0.0]","[0.0, 0.0, 0.0, 1.0, 0.0, 0.0, 0.0, 0.0]"
"0.7750811854325361","0.7125530531540262","[0.0, 1.0, 0.0, 0.0, 0.0, 0.0, 0.0, 0.0]","[0.0, 0.0, 1.0, 0.0, 0.0, 0.0, 0.0, 0.0]"
"0.4229698607198311","0.7461444164616531","[0.0, 1.0, 0.0, 0.0, 0.0, 0.0, 0.0, 0.0]","[0.0, 0.0, 0.0, 0.0, 1.0, 0.0, 0.0, 0.0]"
"0.72628326290451","0.6652992425869083","[0.0, 1.0, 0.0, 0.0, 0.0, 0.0, 0.0, 0.0]","[0.0, 0.0, 1.0, 0.0, 0.0, 0.0, 0.0, 0.0]"
"0.5819516804708246","0.456058625397047","[0.0, 1.0, 0.0, 0.0, 0.0, 0.0, 0.0, 0.0]","[0.0, 1.0, 0.0, 0.0, 0.0, 0.0, 0.0, 0.0]"
"0.5817825984772573","0.5915873157803961","[0.0, 1.0, 0.0, 0.0, 0.0, 0.0, 0.0, 0.0]","[0.0, 0.0, 0.0, 0.0, 0.0, 0.0, 1.0, 0.0]"
"0.8150663604070159","0.6354347746666017","[0.0, 1.0, 0.0, 0.0, 0.0, 0.0, 0.0, 0.0]","[0.0, 0.0, 1.0, 0.0, 0.0, 0.0, 0.0, 0.0]"
"0.9643115641929435","0.5483776335779342","[0.0, 1.0, 0.0, 0.0, 0.0, 0.0, 0.0, 0.0]","[0.0, 0.0, 1.0, 0.0, 0.0, 0.0, 0.0, 0.0]"
"0.16117877615449447","0.30036604380039145","[0.0, 1.0, 0.0, 0.0, 0.0, 0.0, 0.0, 0.0]","[0.0, 0.0, 0.0, 0.0, 0.0, 0.0, 0.0, 1.0]"
"0.41722515747165323","0.8418328321130814","[0.0, 1.0, 0.0, 0.0, 0.0, 0.0, 0.0, 0.0]","[1.0, 0.0, 0.0, 0.0, 0.0, 0.0, 0.0, 0.0]"
"0.7864277991457178","0.5643489494974074","[0.0, 1.0, 0.0, 0.0, 0.0, 0.0, 0.0, 0.0]","[0.0, 0.0, 1.0, 0.0, 0.0, 0.0, 0.0, 0.0]"
"0.77037280539223","0.6073955041897794","[0.0, 1.0, 0.0, 0.0, 0.0, 0.0, 0.0, 0.0]","[0.0, 0.0, 1.0, 0.0, 0.0, 0.0, 0.0, 0.0]"
"0.34756731704555194","0.21784199134550947","[0.0, 1.0, 0.0, 0.0, 0.0, 0.0, 0.0, 0.0]","[0.0, 0.0, 0.0, 0.0, 0.0, 0.0, 0.0, 1.0]"
"0.27496140828457294","0.3927050589616598","[0.0, 1.0, 0.0, 0.0, 0.0, 0.0, 0.0, 0.0]","[0.0, 0.0, 0.0, 0.0, 0.0, 0.0, 0.0, 1.0]"
"0.16062579484515355","0.20788607954183397","[0.0, 1.0, 0.0, 0.0, 0.0, 0.0, 0.0, 0.0]","[0.0, 0.0, 0.0, 1.0, 0.0, 0.0, 0.0, 0.0]"
"0.5312883954589516","0.3179886078951243","[0.0, 1.0, 0.0, 0.0, 0.0, 0.0, 0.0, 0.0]","[0.0, 1.0, 0.0, 0.0, 0.0, 0.0, 0.0, 0.0]"
"0.12855882834625135","0.47530281355050247","[0.0, 1.0, 0.0, 0.0, 0.0, 0.0, 0.0, 0.0]","[0.0, 0.0, 0.0, 0.0, 0.0, 1.0, 0.0, 0.0]"
"0.2703499556285352","0.1563714064527218","[0.0, 1.0, 0.0, 0.0, 0.0, 0.0, 0.0, 0.0]","[0.0, 0.0, 0.0, 0.0, 0.0, 0.0, 0.0, 1.0]"
"0.1038704474862628","0.21936207524517187","[0.0, 1.0, 0.0, 0.0, 0.0, 0.0, 0.0, 0.0]","[0.0, 0.0, 0.0, 0.0, 0.0, 0.0, 0.0, 1.0]"
"0.2888068335195023","0.2616985389589821","[0.0, 1.0, 0.0, 0.0, 0.0, 0.0, 0.0, 0.0]","[0.0, 0.0, 0.0, 1.0, 0.0, 0.0, 0.0, 0.0]"
"0.3039550320900164","0.3816755982255008","[0.0, 1.0, 0.0, 0.0, 0.0, 0.0, 0.0, 0.0]","[0.0, 0.0, 0.0, 0.0, 0.0, 0.0, 0.0, 1.0]"
"0.2258138665480518","0.3987157565586684","[0.0, 1.0, 0.0, 0.0, 0.0, 0.0, 0.0, 0.0]","[0.0, 0.0, 0.0, 0.0, 0.0, 1.0, 0.0, 0.0]"
"0.22896432915722123","0.3643286150497334","[0.0, 1.0, 0.0, 0.0, 0.0, 0.0, 0.0, 0.0]","[0.0, 0.0, 0.0, 0.0, 0.0, 0.0, 0.0, 1.0]"
"0.47719002768859997","0.38963714502183405","[0.0, 1.0, 0.0, 0.0, 0.0, 0.0, 0.0, 0.0]","[0.0, 1.0, 0.0, 0.0, 0.0, 0.0, 0.0, 0.0]"
"0.8383581859808208","0.7332255948477779","[0.0, 1.0, 0.0, 0.0, 0.0, 0.0, 0.0, 0.0]","[0.0, 0.0, 1.0, 0.0, 0.0, 0.0, 0.0, 0.0]"
"0.18144460215163236","0.19072765222053037","[0.0, 1.0, 0.0, 0.0, 0.0, 0.0, 0.0, 0.0]","[0.0, 0.0, 0.0, 1.0, 0.0, 0.0, 0.0, 0.0]"
"0.4807796762259105","0.4010356851142079","[0.0, 1.0, 0.0, 0.0, 0.0, 0.0, 0.0, 0.0]","[0.0, 1.0, 0.0, 0.0, 0.0, 0.0, 0.0, 0.0]"
"0.17164397467015216","0.45171830345940456","[0.0, 1.0, 0.0, 0.0, 0.0, 0.0, 0.0, 0.0]","[0.0, 0.0, 0.0, 0.0, 0.0, 1.0, 0.0, 0.0]"
"0.40351611451228553","0.7642700800288036","[0.0, 1.0, 0.0, 0.0, 0.0, 0.0, 0.0, 0.0]","[1.0, 0.0, 0.0, 0.0, 0.0, 0.0, 0.0, 0.0]"
"0.39066286808143036","0.7514686704314918","[0.0, 1.0, 0.0, 0.0, 0.0, 0.0, 0.0, 0.0]","[0.0, 0.0, 0.0, 0.0, 0.0, 0.0, 1.0, 0.0]"
"0.40789783135642954","0.7361417713197811","[0.0, 1.0, 0.0, 0.0, 0.0, 0.0, 0.0, 0.0]","[0.0, 0.0, 0.0, 0.0, 1.0, 0.0, 0.0, 0.0]"
"0.3408482280613077","0.27885940331512854","[0.0, 1.0, 0.0, 0.0, 0.0, 0.0, 0.0, 0.0]","[0.0, 0.0, 0.0, 1.0, 0.0, 0.0, 0.0, 0.0]"
"0.2265152011997361","0.41378393537675473","[0.0, 1.0, 0.0, 0.0, 0.0, 0.0, 0.0, 0.0]","[0.0, 0.0, 0.0, 0.0, 0.0, 1.0, 0.0, 0.0]"
"0.537251617641535","0.67699967964179","[0.0, 1.0, 0.0, 0.0, 0.0, 0.0, 0.0, 0.0]","[0.0, 0.0, 0.0, 0.0, 0.0, 0.0, 1.0, 0.0]"
"0.5161331700902777","0.7842438330013","[0.0, 1.0, 0.0, 0.0, 0.0, 0.0, 0.0, 0.0]","[0.0, 0.0, 0.0, 0.0, 1.0, 0.0, 0.0, 0.0]"
"0.5755831626757726","0.5024456990532049","[0.0, 1.0, 0.0, 0.0, 0.0, 0.0, 0.0, 0.0]","[0.0, 0.0, 1.0, 0.0, 0.0, 0.0, 0.0, 0.0]"
"0.0746841111879161","0.3743554824338029","[0.0, 1.0, 0.0, 0.0, 0.0, 0.0, 0.0, 0.0]","[0.0, 0.0, 0.0, 0.0, 0.0, 0.0, 0.0, 1.0]"
"0.8358753508590027","0.6682323920561442","[0.0, 1.0, 0.0, 0.0, 0.0, 0.0, 0.0, 0.0]","[0.0, 0.0, 1.0, 0.0, 0.0, 0.0, 0.0, 0.0]"
"0.17714283970106767","0.16923530832500128","[0.0, 1.0, 0.0, 0.0, 0.0, 0.0, 0.0, 0.0]","[0.0, 0.0, 0.0, 0.0, 0.0, 0.0, 0.0, 1.0]"
"0.8284592283057716","0.6243998203183536","[0.0, 1.0, 0.0, 0.0, 0.0, 0.0, 0.0, 0.0]","[0.0, 0.0, 1.0, 0.0, 0.0, 0.0, 0.0, 0.0]"
"0.43747604063942946","0.767661302833081","[0.0, 1.0, 0.0, 0.0, 0.0, 0.0, 0.0, 0.0]","[0.0, 0.0, 0.0, 0.0, 0.0, 0.0, 1.0, 0.0]"
"0.16924415117243483","0.3539052881259834","[0.0, 1.0, 0.0, 0.0, 0.0, 0.0, 0.0, 0.0]","[0.0, 0.0, 0.0, 0.0, 0.0, 1.0, 0.0, 0.0]"
"0.7963596314062245","0.6095454010965267","[0.0, 1.0, 0.0, 0.0, 0.0, 0.0, 0.0, 0.0]","[0.0, 0.0, 1.0, 0.0, 0.0, 0.0, 0.0, 0.0]"
"0.4890477397649862","0.8189432631759826","[0.0, 1.0, 0.0, 0.0, 0.0, 0.0, 0.0, 0.0]","[1.0, 0.0, 0.0, 0.0, 0.0, 0.0, 0.0, 0.0]"
"0.1361479027279028","0.3607253094335629","[0.0, 1.0, 0.0, 0.0, 0.0, 0.0, 0.0, 0.0]","[0.0, 0.0, 0.0, 0.0, 0.0, 1.0, 0.0, 0.0]"
"0.35593414967527326","0.3717405959820742","[0.0, 1.0, 0.0, 0.0, 0.0, 0.0, 0.0, 0.0]","[0.0, 0.0, 0.0, 0.0, 0.0, 0.0, 0.0, 1.0]"
"0.45833664926179934","0.45987309961936274","[0.0, 1.0, 0.0, 0.0, 0.0, 0.0, 0.0, 0.0]","[0.0, 0.0, 0.0, 0.0, 0.0, 0.0, 1.0, 0.0]"
"0.3181118703708993","0.22524952453864738","[0.0, 1.0, 0.0, 0.0, 0.0, 0.0, 0.0, 0.0]","[0.0, 0.0, 0.0, 1.0, 0.0, 0.0, 0.0, 0.0]"
"0.450188536753098","0.8995093497393705","[0.0, 1.0, 0.0, 0.0, 0.0, 0.0, 0.0, 0.0]","[0.0, 0.0, 0.0, 0.0, 1.0, 0.0, 0.0, 0.0]"
"0.7176586874285001","0.6477299771124424","[0.0, 1.0, 0.0, 0.0, 0.0, 0.0, 0.0, 0.0]","[0.0, 0.0, 1.0, 0.0, 0.0, 0.0, 0.0, 0.0]"
"0.4419091745650965","0.7810079628823926","[0.0, 1.0, 0.0, 0.0, 0.0, 0.0, 0.0, 0.0]","[0.0, 0.0, 0.0, 0.0, 1.0, 0.0, 0.0, 0.0]"
"0.42060202589117496","0.8974955372842611","[0.0, 1.0, 0.0, 0.0, 0.0, 0.0, 0.0, 0.0]","[1.0, 0.0, 0.0, 0.0, 0.0, 0.0, 0.0, 0.0]"
"0.36720073532425745","0.8004216655507715","[0.0, 1.0, 0.0, 0.0, 0.0, 0.0, 0.0, 0.0]","[1.0, 0.0, 0.0, 0.0, 0.0, 0.0, 0.0, 0.0]"
"0.14792264628450272","0.25765676680824057","[0.0, 1.0, 0.0, 0.0, 0.0, 0.0, 0.0, 0.0]","[0.0, 0.0, 0.0, 1.0, 0.0, 0.0, 0.0, 0.0]"
"0.08338290812484336","0.21365518178427587","[0.0, 1.0, 0.0, 0.0, 0.0, 0.0, 0.0, 0.0]","[0.0, 0.0, 0.0, 1.0, 0.0, 0.0, 0.0, 0.0]"
"0.193215273282894","0.4423939368958998","[0.0, 1.0, 0.0, 0.0, 0.0, 0.0, 0.0, 0.0]","[0.0, 0.0, 0.0, 0.0, 0.0, 1.0, 0.0, 0.0]"
"0.7678607058879809","0.7137194820734931","[0.0, 1.0, 0.0, 0.0, 0.0, 0.0, 0.0, 0.0]","[0.0, 0.0, 1.0, 0.0, 0.0, 0.0, 0.0, 0.0]"
"0.6109815602768012","0.408150928180926","[0.0, 1.0, 0.0, 0.0, 0.0, 0.0, 0.0, 0.0]","[0.0, 1.0, 0.0, 0.0, 0.0, 0.0, 0.0, 0.0]"
"0.4705490267626421","0.7162084135491518","[0.0, 1.0, 0.0, 0.0, 0.0, 0.0, 0.0, 0.0]","[0.0, 0.0, 0.0, 0.0, 0.0, 0.0, 1.0, 0.0]"
"0.3016568052093743","0.2573175574366958","[0.0, 1.0, 0.0, 0.0, 0.0, 0.0, 0.0, 0.0]","[0.0, 0.0, 0.0, 0.0, 0.0, 0.0, 0.0, 1.0]"
"0.5676626482002385","0.649848266708913","[0.0, 1.0, 0.0, 0.0, 0.0, 0.0, 0.0, 0.0]","[0.0, 0.0, 0.0, 0.0, 0.0, 0.0, 1.0, 0.0]"
"0.17677271795022356","0.1586430931969334","[0.0, 1.0, 0.0, 0.0, 0.0, 0.0, 0.0, 0.0]","[0.0, 0.0, 0.0, 0.0, 0.0, 0.0, 0.0, 1.0]"
"0.46355675697936816","0.40034996348157276","[0.0, 1.0, 0.0, 0.0, 0.0, 0.0, 0.0, 0.0]","[0.0, 1.0, 0.0, 0.0, 0.0, 0.0, 0.0, 0.0]"
"0.33318339978600897","0.3903006950266573","[0.0, 1.0, 0.0, 0.0, 0.0, 0.0, 0.0, 0.0]","[0.0, 0.0, 0.0, 0.0, 0.0, 1.0, 0.0, 0.0]"
"0.5514060307299218","0.40343151575456027","[0.0, 1.0, 0.0, 0.0, 0.0, 0.0, 0.0, 0.0]","[0.0, 1.0, 0.0, 0.0, 0.0, 0.0, 0.0, 0.0]"
"0.8426220173117374","0.5431007553026668","[0.0, 1.0, 0.0, 0.0, 0.0, 0.0, 0.0, 0.0]","[0.0, 0.0, 1.0, 0.0, 0.0, 0.0, 0.0, 0.0]"
"0.5047955529325777","0.7296277572875165","[0.0, 1.0, 0.0, 0.0, 0.0, 0.0, 0.0, 0.0]","[0.0, 0.0, 0.0, 0.0, 1.0, 0.0, 0.0, 0.0]"
"0.7376199973968037","0.4834931962601492","[0.0, 1.0, 0.0, 0.0, 0.0, 0.0, 0.0, 0.0]","[0.0, 0.0, 1.0, 0.0, 0.0, 0.0, 0.0, 0.0]"
"0.6507954496902385","0.4865347836745787","[0.0, 1.0, 0.0, 0.0, 0.0, 0.0, 0.0, 0.0]","[0.0, 1.0, 0.0, 0.0, 0.0, 0.0, 0.0, 0.0]"
"0.41448906953165343","0.916602394540957","[0.0, 1.0, 0.0, 0.0, 0.0, 0.0, 0.0, 0.0]","[1.0, 0.0, 0.0, 0.0, 0.0, 0.0, 0.0, 0.0]"
"0.6976019434170001","0.6719878643154011","[0.0, 1.0, 0.0, 0.0, 0.0, 0.0, 0.0, 0.0]","[0.0, 0.0, 1.0, 0.0, 0.0, 0.0, 0.0, 0.0]"
"0.6188806495045195","0.6892568254183054","[0.0, 1.0, 0.0, 0.0, 0.0, 0.0, 0.0, 0.0]","[1.0, 0.0, 0.0, 0.0, 0.0, 0.0, 0.0, 0.0]"
"0.6248255113880129","0.6291974004651377","[0.0, 1.0, 0.0, 0.0, 0.0, 0.0, 0.0, 0.0]","[0.0, 0.0, 0.0, 0.0, 0.0, 0.0, 1.0, 0.0]"
"0.06996982980980576","0.08972967331415443","[0.0, 1.0, 0.0, 0.0, 0.0, 0.0, 0.0, 0.0]","[0.0, 0.0, 0.0, 1.0, 0.0, 0.0, 0.0, 0.0]"
"0.5209220960105373","0.45916294658468676","[0.0, 1.0, 0.0, 0.0, 0.0, 0.0, 0.0, 0.0]","[0.0, 1.0, 0.0, 0.0, 0.0, 0.0, 0.0, 0.0]"
"0.24911617344818554","0.3556743643756152","[0.0, 1.0, 0.0, 0.0, 0.0, 0.0, 0.0, 0.0]","[0.0, 0.0, 0.0, 0.0, 0.0, 1.0, 0.0, 0.0]"
"0.4428100188706785","0.6906415779149697","[0.0, 1.0, 0.0, 0.0, 0.0, 0.0, 0.0, 0.0]","[0.0, 0.0, 0.0, 0.0, 0.0, 0.0, 1.0, 0.0]"
"0.38906321774591307","0.488300634358445","[0.0, 1.0, 0.0, 0.0, 0.0, 0.0, 0.0, 0.0]","[0.0, 1.0, 0.0, 0.0, 0.0, 0.0, 0.0, 0.0]"
"0.21029107131063154","0.15055169297310755","[0.0, 1.0, 0.0, 0.0, 0.0, 0.0, 0.0, 0.0]","[0.0, 0.0, 0.0, 1.0, 0.0, 0.0, 0.0, 0.0]"
"0.5299250050943108","0.7671992966402922","[0.0, 1.0, 0.0, 0.0, 0.0, 0.0, 0.0, 0.0]","[0.0, 0.0, 0.0, 0.0, 1.0, 0.0, 0.0, 0.0]"
"0.2643431636809526","0.8197186318638725","[0.0, 1.0, 0.0, 0.0, 0.0, 0.0, 0.0, 0.0]","[1.0, 0.0, 0.0, 0.0, 0.0, 0.0, 0.0, 0.0]"
"0.5626616303509789","0.6958702302104072","[0.0, 1.0, 0.0, 0.0, 0.0, 0.0, 0.0, 0.0]","[0.0, 0.0, 0.0, 0.0, 1.0, 0.0, 0.0, 0.0]"
"0.45899482350347715","0.7877817651486103","[0.0, 1.0, 0.0, 0.0, 0.0, 0.0, 0.0, 0.0]","[0.0, 0.0, 0.0, 0.0, 1.0, 0.0, 0.0, 0.0]"
"0.38864187914359916","0.6056254668081821","[0.0, 1.0, 0.0, 0.0, 0.0, 0.0, 0.0, 0.0]","[0.0, 0.0, 0.0, 0.0, 1.0, 0.0, 0.0, 0.0]"
"0.19522243183219556","0.3557194113689544","[0.0, 1.0, 0.0, 0.0, 0.0, 0.0, 0.0, 0.0]","[0.0, 0.0, 0.0, 0.0, 0.0, 1.0, 0.0, 0.0]"
"0.4963146406263628","0.9687459061221216","[0.0, 1.0, 0.0, 0.0, 0.0, 0.0, 0.0, 0.0]","[0.0, 0.0, 0.0, 0.0, 1.0, 0.0, 0.0, 0.0]"
"0.14590342885011678","0.34914636151814427","[0.0, 1.0, 0.0, 0.0, 0.0, 0.0, 0.0, 0.0]","[0.0, 0.0, 0.0, 1.0, 0.0, 0.0, 0.0, 0.0]"
"0.4351510048357979","0.550204056591744","[0.0, 1.0, 0.0, 0.0, 0.0, 0.0, 0.0, 0.0]","[0.0, 0.0, 0.0, 0.0, 0.0, 0.0, 1.0, 0.0]"
"0.6498710366909937","0.45919485381196384","[0.0, 1.0, 0.0, 0.0, 0.0, 0.0, 0.0, 0.0]","[0.0, 1.0, 0.0, 0.0, 0.0, 0.0, 0.0, 0.0]"
"0.803907900239806","0.6159083008454603","[0.0, 1.0, 0.0, 0.0, 0.0, 0.0, 0.0, 0.0]","[0.0, 0.0, 1.0, 0.0, 0.0, 0.0, 0.0, 0.0]"
"0.2845426555668163","0.8402898175495803","[0.0, 1.0, 0.0, 0.0, 0.0, 0.0, 0.0, 0.0]","[1.0, 0.0, 0.0, 0.0, 0.0, 0.0, 0.0, 0.0]"
"0.049905239482896976","0.31510194483734744","[0.0, 1.0, 0.0, 0.0, 0.0, 0.0, 0.0, 0.0]","[0.0, 0.0, 0.0, 1.0, 0.0, 0.0, 0.0, 0.0]"
"0.4599269906104769","0.8167626927066824","[0.0, 1.0, 0.0, 0.0, 0.0, 0.0, 0.0, 0.0]","[1.0, 0.0, 0.0, 0.0, 0.0, 0.0, 0.0, 0.0]"
"0.11805132536357439","0.5430944344027228","[0.0, 1.0, 0.0, 0.0, 0.0, 0.0, 0.0, 0.0]","[0.0, 0.0, 0.0, 0.0, 0.0, 1.0, 0.0, 0.0]"
"0.8754162186020021","0.5393078661170709","[0.0, 1.0, 0.0, 0.0, 0.0, 0.0, 0.0, 0.0]","[0.0, 0.0, 1.0, 0.0, 0.0, 0.0, 0.0, 0.0]"
"0.3046395638149056","0.30045612013521034","[0.0, 1.0, 0.0, 0.0, 0.0, 0.0, 0.0, 0.0]","[0.0, 0.0, 0.0, 0.0, 0.0, 0.0, 0.0, 1.0]"
"0.20340018288878786","0.3923237811192095","[0.0, 1.0, 0.0, 0.0, 0.0, 0.0, 0.0, 0.0]","[0.0, 0.0, 0.0, 0.0, 0.0, 1.0, 0.0, 0.0]"
"0.2953511704854285","0.34610804967576264","[0.0, 1.0, 0.0, 0.0, 0.0, 0.0, 0.0, 0.0]","[0.0, 0.0, 0.0, 0.0, 0.0, 0.0, 0.0, 1.0]"
"0.34504560896112896","0.19846579657213587","[0.0, 1.0, 0.0, 0.0, 0.0, 0.0, 0.0, 0.0]","[0.0, 0.0, 0.0, 1.0, 0.0, 0.0, 0.0, 0.0]"
"0.3848887763580522","0.42387555663947035","[0.0, 1.0, 0.0, 0.0, 0.0, 0.0, 0.0, 0.0]","[0.0, 1.0, 0.0, 0.0, 0.0, 0.0, 0.0, 0.0]"
"0.04325568733702953","0.4358550959123389","[0.0, 1.0, 0.0, 0.0, 0.0, 0.0, 0.0, 0.0]","[0.0, 0.0, 0.0, 0.0, 0.0, 1.0, 0.0, 0.0]"
"0.25652745148982464","0.271009145412267","[0.0, 1.0, 0.0, 0.0, 0.0, 0.0, 0.0, 0.0]","[0.0, 0.0, 0.0, 0.0, 0.0, 0.0, 0.0, 1.0]"
"0.08269492662489021","0.3313789965724874","[0.0, 1.0, 0.0, 0.0, 0.0, 0.0, 0.0, 0.0]","[0.0, 0.0, 0.0, 0.0, 0.0, 1.0, 0.0, 0.0]"
"0.404723992418711","0.7496637297094371","[0.0, 1.0, 0.0, 0.0, 0.0, 0.0, 0.0, 0.0]","[0.0, 0.0, 0.0, 0.0, 1.0, 0.0, 0.0, 0.0]"
"0.440280608343191","0.7281550807339447","[0.0, 1.0, 0.0, 0.0, 0.0, 0.0, 0.0, 0.0]","[0.0, 0.0, 0.0, 0.0, 1.0, 0.0, 0.0, 0.0]"
"0.8314686324272587","0.6513092394341788","[0.0, 1.0, 0.0, 0.0, 0.0, 0.0, 0.0, 0.0]","[0.0, 0.0, 1.0, 0.0, 0.0, 0.0, 0.0, 0.0]"
"0.3326976537029315","0.3513471662235087","[0.0, 1.0, 0.0, 0.0, 0.0, 0.0, 0.0, 0.0]","[0.0, 0.0, 0.0, 0.0, 0.0, 0.0, 0.0, 1.0]"
"0.3623873052410955","0.9468932594904448","[0.0, 1.0, 0.0, 0.0, 0.0, 0.0, 0.0, 0.0]","[1.0, 0.0, 0.0, 0.0, 0.0, 0.0, 0.0, 0.0]"
"0.4327974767660633","0.24863208570959439","[0.0, 1.0, 0.0, 0.0, 0.0, 0.0, 0.0, 0.0]","[0.0, 0.0, 0.0, 0.0, 0.0, 0.0, 0.0, 1.0]"
"0.4257014334331249","0.5801907008079431","[0.0, 1.0, 0.0, 0.0, 0.0, 0.0, 0.0, 0.0]","[0.0, 0.0, 0.0, 0.0, 0.0, 0.0, 1.0, 0.0]"
"0.3538431224251055","0.7881951001594156","[0.0, 1.0, 0.0, 0.0, 0.0, 0.0, 0.0, 0.0]","[1.0, 0.0, 0.0, 0.0, 0.0, 0.0, 0.0, 0.0]"
"0.21458686675742158","0.2458787508237829","[0.0, 1.0, 0.0, 0.0, 0.0, 0.0, 0.0, 0.0]","[0.0, 0.0, 0.0, 0.0, 0.0, 0.0, 0.0, 1.0]"
"0.16451523079837133","0.3307435360953921","[0.0, 1.0, 0.0, 0.0, 0.0, 0.0, 0.0, 0.0]","[0.0, 0.0, 0.0, 1.0, 0.0, 0.0, 0.0, 0.0]"
"0.20148506034589964","0.2654947138132813","[0.0, 1.0, 0.0, 0.0, 0.0, 0.0, 0.0, 0.0]","[0.0, 0.0, 0.0, 0.0, 0.0, 0.0, 0.0, 1.0]"
"0.5496926524730442","0.7167780717136114","[0.0, 1.0, 0.0, 0.0, 0.0, 0.0, 0.0, 0.0]","[0.0, 0.0, 0.0, 0.0, 1.0, 0.0, 0.0, 0.0]"
"0.43186887906721494","0.7394948542880893","[0.0, 1.0, 0.0, 0.0, 0.0, 0.0, 0.0, 0.0]","[1.0, 0.0, 0.0, 0.0, 0.0, 0.0, 0.0, 0.0]"
"0.5366864133983513","0.36968703064311814","[0.0, 1.0, 0.0, 0.0, 0.0, 0.0, 0.0, 0.0]","[0.0, 1.0, 0.0, 0.0, 0.0, 0.0, 0.0, 0.0]"
"0.15324870397255733","0.5906160021129222","[0.0, 1.0, 0.0, 0.0, 0.0, 0.0, 0.0, 0.0]","[0.0, 0.0, 0.0, 0.0, 0.0, 1.0, 0.0, 0.0]"
"0.7559064125869959","0.8139967565023312","[0.0, 1.0, 0.0, 0.0, 0.0, 0.0, 0.0, 0.0]","[0.0, 0.0, 1.0, 0.0, 0.0, 0.0, 0.0, 0.0]"
"0.15673251880331623","0.3472687705703348","[0.0, 1.0, 0.0, 0.0, 0.0, 0.0, 0.0, 0.0]","[0.0, 0.0, 0.0, 0.0, 0.0, 0.0, 0.0, 1.0]"
"0.32061349111223153","0.8345089396723723","[0.0, 1.0, 0.0, 0.0, 0.0, 0.0, 0.0, 0.0]","[1.0, 0.0, 0.0, 0.0, 0.0, 0.0, 0.0, 0.0]"
"0.4444839360783993","0.8718740461967114","[0.0, 1.0, 0.0, 0.0, 0.0, 0.0, 0.0, 0.0]","[1.0, 0.0, 0.0, 0.0, 0.0, 0.0, 0.0, 0.0]"
"0.831511505299163","0.6715308677872881","[0.0, 1.0, 0.0, 0.0, 0.0, 0.0, 0.0, 0.0]","[0.0, 0.0, 1.0, 0.0, 0.0, 0.0, 0.0, 0.0]"
"0.3232263574443265","0.743963811634373","[0.0, 1.0, 0.0, 0.0, 0.0, 0.0, 0.0, 0.0]","[1.0, 0.0, 0.0, 0.0, 0.0, 0.0, 0.0, 0.0]"
"0.3471871485181431","0.8318477358616346","[0.0, 1.0, 0.0, 0.0, 0.0, 0.0, 0.0, 0.0]","[1.0, 0.0, 0.0, 0.0, 0.0, 0.0, 0.0, 0.0]"
"0.30563296753703373","0.2966180055121645","[0.0, 1.0, 0.0, 0.0, 0.0, 0.0, 0.0, 0.0]","[0.0, 0.0, 0.0, 0.0, 0.0, 0.0, 0.0, 1.0]"
"0.3091117608618441","0.8890536731881129","[0.0, 1.0, 0.0, 0.0, 0.0, 0.0, 0.0, 0.0]","[1.0, 0.0, 0.0, 0.0, 0.0, 0.0, 0.0, 0.0]"
"0.7958940435499331","0.5163658353220646","[0.0, 1.0, 0.0, 0.0, 0.0, 0.0, 0.0, 0.0]","[0.0, 0.0, 1.0, 0.0, 0.0, 0.0, 0.0, 0.0]"
"0.1797824682981334","0.37314085053590157","[0.0, 1.0, 0.0, 0.0, 0.0, 0.0, 0.0, 0.0]","[0.0, 0.0, 0.0, 0.0, 0.0, 1.0, 0.0, 0.0]"
"0.11137982831843114","0.12745597916321938","[0.0, 1.0, 0.0, 0.0, 0.0, 0.0, 0.0, 0.0]","[0.0, 0.0, 0.0, 1.0, 0.0, 0.0, 0.0, 0.0]"
"0.5516603437309976","0.6969941355355602","[0.0, 1.0, 0.0, 0.0, 0.0, 0.0, 0.0, 0.0]","[0.0, 0.0, 0.0, 0.0, 1.0, 0.0, 0.0, 0.0]"
"0.10817861747917205","0.3759442323646532","[0.0, 1.0, 0.0, 0.0, 0.0, 0.0, 0.0, 0.0]","[0.0, 0.0, 0.0, 0.0, 0.0, 1.0, 0.0, 0.0]"
"0.8679959339115454","0.6033660988805756","[0.0, 1.0, 0.0, 0.0, 0.0, 0.0, 0.0, 0.0]","[0.0, 0.0, 1.0, 0.0, 0.0, 0.0, 0.0, 0.0]"
